<?xml version="1.0"?>
<opencv_storage>
<calibration_time>"Wed Feb 16 10:37:39 2022"</calibration_time>
<nr_of_frames>8</nr_of_frames>
<image_width>3024</image_width>
<image_height>4032</image_height>
<board_width>9</board_width>
<board_height>6</board_height>
<square_size>2.4500000000000000e+01</square_size>
<fix_aspect_ratio>1.</fix_aspect_ratio>
<!-- flags: +fix_aspectRatio +fix_principal_point +zero_tangent_dist +fix_k4 +fix_k5 -->
<flags>6158</flags>
<fisheye_model>0</fisheye_model>
<camera_matrix type_id="opencv-matrix">
  <rows>3</rows>
  <cols>3</cols>
  <dt>d</dt>
  <data>
    3.1963253925401104e+03 0. 1.5115000000000000e+03 0.
    3.1963253925401104e+03 2.0155000000000000e+03 0. 0. 1.</data></camera_matrix>
<distortion_coefficients type_id="opencv-matrix">
  <rows>5</rows>
  <cols>1</cols>
  <dt>d</dt>
  <data>
    7.4631411923587798e-02 -1.2278869603123356e-01 0. 0.
    2.7257418358010649e-01</data></distortion_coefficients>
<avg_reprojection_error>4.5606068000414357e+00</avg_reprojection_error>
<per_view_reprojection_errors type_id="opencv-matrix">
  <rows>8</rows>
  <cols>1</cols>
  <dt>f</dt>
  <data>
    6.16871309e+00 4.65038824e+00 5.29687834e+00 3.43563414e+00
    3.19167042e+00 3.52616739e+00 5.25295067e+00 4.07913446e+00</data></per_view_reprojection_errors>
<!-- a set of 6-tuples (rotation vector + translation vector) for each view -->
<extrinsic_parameters type_id="opencv-matrix">
  <rows>8</rows>
  <cols>6</cols>
  <dt>d</dt>
  <data>
    5.0435993725295336e-01 -2.0260854802882386e-01
    -1.6863073964560522e+00 -2.3215334325238864e+01
    1.4804649019301453e+02 2.5450553955236762e+02 3.0712164222981170e-01
    -3.6600512798063772e-01 -1.5503160266350393e+00
    -3.6698037630085658e+01 1.0849639133629508e+02
    2.3456754821514545e+02 2.1015872507358610e-01
    -5.0593527147358097e-01 -1.2722648385887081e+00
    -5.2079112040009775e+01 6.3119382841639940e+01
    2.3262872905007288e+02 -9.2282274595691799e-02
    -3.7556907709825998e-01 -1.3440928868958728e+00
    -7.3759221419615059e+01 6.0440730073188156e+01
    2.3202936762776991e+02 -3.9672145135310463e-02
    -9.9638946852511331e-02 -1.4119784753942373e+00
    -9.4638514670307018e+01 6.8285802317953440e+01
    2.4394454615063964e+02 1.3787077149978069e-01
    -4.0821960286382252e-03 -1.5020711130109945e+00
    -6.2760524471365677e+01 1.0011890261748587e+02
    2.4312718235315148e+02 3.1270651527423371e-01 1.5248938286735067e-01
    -1.5426510741276593e+00 -7.1167670483812742e+01
    1.0879345343335254e+02 2.5653552595426981e+02 3.0324427150355834e-04
    2.1016210659896584e-01 -1.4872357846569866e+00
    -7.8349832855104879e+01 1.0419366520753272e+02
    2.6169760370671628e+02</data></extrinsic_parameters>
<image_points type_id="opencv-matrix">
  <rows>8</rows>
  <cols>54</cols>
  <dt>"2f"</dt>
  <data>
    1.22983313e+03 3.92014453e+03 1.18853552e+03 3.64030640e+03
    1.14678613e+03 3.35312793e+03 1.10155127e+03 3.05338452e+03
    1.05690955e+03 2.74362500e+03 1.01059772e+03 2.42543921e+03
    9.62856567e+02 2.08932275e+03 9.11711731e+02 1.73889709e+03
    8.61404297e+02 1.37209131e+03 1.49679956e+03 3.77491602e+03
    1.46590637e+03 3.50885229e+03 1.43156006e+03 3.23337231e+03
    1.39746399e+03 2.94777295e+03 1.35945105e+03 2.65095532e+03
    1.32464563e+03 2.34636499e+03 1.28778394e+03 2.02447852e+03
    1.24473389e+03 1.68797485e+03 1.20189221e+03 1.33749438e+03
    1.74984692e+03 3.65154199e+03 1.72212915e+03 3.39151660e+03
    1.69647620e+03 3.12704150e+03 1.66862988e+03 2.85253198e+03
    1.64062219e+03 2.56787866e+03 1.61321558e+03 2.27451636e+03
    1.58254211e+03 1.96401904e+03 1.54871252e+03 1.64156348e+03
    1.51663293e+03 1.30554968e+03 1.99028491e+03 3.54542920e+03
    1.96809424e+03 3.29267065e+03 1.94620020e+03 3.03475488e+03
    1.92452966e+03 2.76908618e+03 1.90106213e+03 2.49219873e+03
    1.87831128e+03 2.20783618e+03 1.85455542e+03 1.90921716e+03
    1.83083252e+03 1.59915295e+03 1.80631653e+03 1.27644885e+03
    2.21740430e+03 3.44868677e+03 2.19926245e+03 3.20156763e+03
    2.17886133e+03 2.94906982e+03 2.16187183e+03 2.69075146e+03
    2.14196802e+03 2.42165405e+03 2.12490063e+03 2.14721680e+03
    2.10867114e+03 1.85867175e+03 2.09334424e+03 1.56022876e+03
    2.08067529e+03 1.24834863e+03 2.44030176e+03 3.36462769e+03
    2.42348901e+03 3.12205957e+03 2.40651733e+03 2.87444067e+03
    2.38914893e+03 2.62019141e+03 2.37291309e+03 2.35850269e+03
    2.36134375e+03 2.09214941e+03 2.34918579e+03 1.81263708e+03
    2.34029541e+03 1.52394153e+03 2.33370264e+03 1.22228809e+03
    1.01533691e+03 3.52550122e+03 1.01097522e+03 3.17359497e+03
    1.00765906e+03 2.82994263e+03 1.00243774e+03 2.49085034e+03
    9.99073303e+02 2.15574170e+03 9.96018372e+02 1.82661121e+03
    9.94042053e+02 1.49730176e+03 9.90583984e+02 1.17311682e+03
    9.89147766e+02 8.49023071e+02 1.32098169e+03 3.45077856e+03 1319.
    3.11831665e+03 1.31434546e+03 2.79249463e+03 1.31053113e+03
    2.47088989e+03 1.30549536e+03 2.15079761e+03 1.30407751e+03
    1.83618201e+03 1.30200525e+03 1.51972888e+03 1.29648804e+03
    1.21028162e+03 1.29273901e+03 9.01327698e+02 1.60675342e+03
    3.38913574e+03 1.60066479e+03 3.07019336e+03 1.59720972e+03
    2.76000439e+03 1.59287012e+03 2.45275513e+03 1.58905029e+03
    2.14603101e+03 1.58671423e+03 1.84484021e+03 1.58306604e+03
    1.54174573e+03 1.57768774e+03 1.24375696e+03 1.57486768e+03
    9.46731995e+02 1.87441650e+03 3.33791943e+03 1.86796497e+03
    3.03099365e+03 1.86202234e+03 2.73224390e+03 1.85770557e+03
    2.43693750e+03 1.85163538e+03 2.14195703e+03 1.84691516e+03
    1.85228674e+03 1.84275684e+03 1.56137988e+03 1.83913684e+03
    1.27407666e+03 1.83629468e+03 9.87349365e+02 2.12562158e+03
    3.29182397e+03 2.11691040e+03 2.99542407e+03 2.10766675e+03
    2.70634204e+03 2.10209399e+03 2.42170850e+03 2.09451050e+03
    2.13761035e+03 2.08959692e+03 1.85887097e+03 2.08585010e+03
    1.57845276e+03 2.08383716e+03 1.30019641e+03 2.08500537e+03
    1.02155493e+03 2.36806030e+03 3.25326929e+03 2.35735693e+03
    2.96525610e+03 2.34524438e+03 2.68450220e+03 2.33476709e+03
    2.40795044e+03 2.32552734e+03 2.13347241e+03 2.32084741e+03
    1.86448291e+03 2.31648730e+03 1.59344434e+03 2.31484595e+03
    1.32439392e+03 2.31592163e+03 1.05434766e+03 7.97608154e+02
    2.90037061e+03 8.83875061e+02 2.55554834e+03 9.64729248e+02
    2.23362500e+03 1.03976282e+03 1.92890564e+03 1.11317810e+03
    1.63882153e+03 1.18329956e+03 1.36470850e+03 1.25112866e+03
    1.10070898e+03 1.31403601e+03 8.51021606e+02 1.37659595e+03
    6.09298096e+02 1.09757410e+03 2.95294116e+03 1.17504102e+03
    2.62439917e+03 1.24548193e+03 2.31560815e+03 1.31344092e+03
    2.02214563e+03 1.37666467e+03 1.74185437e+03 1.44045447e+03
    1.47529199e+03 1.50201611e+03 1.21781030e+03 1.55542114e+03
    9.76437073e+02 1.60956738e+03 7.42718628e+02 1.37743665e+03
    3.00355566e+03 1.44221924e+03 2.68747070e+03 1.50542102e+03
    2.39063818e+03 1.56482593e+03 2.10732397e+03 1.62253113e+03
    1.83578955e+03 1.67872998e+03 1.57723035e+03 1.73138989e+03
    1.32844153e+03 1.78002258e+03 1.09203748e+03 1.82899512e+03
    8.63560730e+02 1.63937354e+03 3.05205884e+03 1.69639368e+03
    2.74632666e+03 1.75029614e+03 2.45936133e+03 1.80249597e+03
    2.18506763e+03 1.85157715e+03 1.92145801e+03 1.89931189e+03
    1.67166101e+03 1.94581531e+03 1.42948706e+03 1.99075610e+03
    1.19818372e+03 2.03520703e+03 9.74449707e+02 1.88527222e+03
    3.09787817e+03 1.93277441e+03 2.80095264e+03 1.97744336e+03
    2.52264258e+03 2.02279480e+03 2.25694678e+03 2.06453467e+03
    2.00139136e+03 2.10636938e+03 1.75844141e+03 2.14831494e+03
    1.52256909e+03 2.19071484e+03 1.29514111e+03 2.23439746e+03
    1.07450220e+03 2.12182642e+03 3.14322729e+03 2.16172998e+03
    2.85349927e+03 2.19728027e+03 2.58190576e+03 2.23311523e+03
    2.32356836e+03 2.26827026e+03 2.07445410e+03 2.30566382e+03
    1.83838159e+03 2.34261499e+03 1.60793384e+03 2.38073022e+03
